1 16 2
2 32 3
3 
4 16 5
5 36 6
6 
7 16 8
8 36 9
9 
10 7 11
11 10 12
12 
13 7 14
14 10 15
15 
16 18 17
17 36 18
18 
19 20 20
20 
21 20 22
22 
23 22 24
24 
25 101 26
26 
27 22 28
28 
29 16 30
30 102 31
31 
32 16 33
33 102 34
34 
35 102 36
36 
37 103 28
38 
39 102 40
40 
41 22 42
42 
43 21 44
44 104 45
45 
46 24 47
47 
48 31 49
49 
50 26 51
51 
52 28 53
53 
54 33 55
55 
56 28 57
57 
58 103 59
59 
60 25 61
61 105 62
62 
63 16 64
64 36 65
65 
66 28 67
67 36 68
68 
69 21 70
70 104 71
71 
72 30 73
73 
74 25 75
75 40 76
76 
77 40 78
78 
79 37 80
80 
81 30 82
82 
83 
84 31 85
85 
86 34 87
87 
88 38 89
89 
90 105 91
91 
92 25 93
93 40 94
94 
95 
96 26 97
97 
98 28 99
99 
100 30 101
101 
102 104 103
103 
104 28 105
105 
106 
107 
108 
109 35 110
110 
111 42 112
112 
113 
114 
115 
116 32 117
117 
118 33 119
119 
120 105 121
121 
122 
123 
124 
125 
126 
127 
128 
129 20 130
130 
131 
132 
133 106 0
134 
135 
136 
137 
138 40 139
139 
140 40 141
141 
142 
143 
144 
145 
146 
147 30 148
148 55 149
149 
150 
151 